0,5.80000000000000,5.80000000000000,5.80000000000000
8,5.09071358748778,4.98905180840665,4.87565982404692
10,4.98357771260997,4.88817204301075,4.75913978494624
12,4.92961876832845,4.85298142717498,4.71847507331378
14,4.88660801564027,4.82170087976540,4.68015640273705
16,4.84985337243402,4.79276637341153,4.64574780058651
18,4.81857282502444,4.76461388074291,4.61368523949169
20,4.79042033235582,4.73880742913001,4.58240469208211)
24,4.73724340175953,4.69110459433040,4.52688172043011 )
28,4.68954056695992,4.64574780058651,4.47448680351906 )
32,4.64496578690127,4.60351906158358,4.42443792766373 )
36,4.60351906158358,4.56441837732160,4.37751710654936 )
40,4.56832844574780,4.53000977517106,4.33528836754643 )
44,4.53470185728250,4.49638318670577,4.29540566959922 )
48,4.50107526881720,4.46275659824047,4.25708699902248 )
56,4.43773216031281,4.39941348973607,4.18123167155425 )
60,4.40801564027370,4.36891495601173,4.14525904203323 )
64,4.37751710654936,4.33685239491691,4.10694037145650 )
128,4.01544477028348,3.97008797653959,3.67448680351906)
160,3.86373411534702,3.81681329423265,3.48993157380254)
192,3.71202346041056,3.66432062561095,3.30615835777126)
224,3.56578690127077,3.51652003910068,3.12864125122190)
255,3.43440860215054,3.38435972629521,2.97067448680352)

Arr1 = FLEXIBLEGAMMA.GAMMA_CONFIG(1,0, 0, 5.80000000000000,5.80000000000000,5.80000000000000 ) 
Arr1 = FLEXIBLEGAMMA.GAMMA_CONFIG(1,0, 0, 5.80000000000000,5.80000000000000,5.80000000000000 )   
Arr1 = FLEXIBLEGAMMA.GAMMA_CONFIG(1,1, 8, 5.09071358748778,4.98905180840665,4.87565982404692 ) 
Arr1 = FLEXIBLEGAMMA.GAMMA_CONFIG(1,2, 10,4.98357771260997,4.88817204301075,4.75913978494624 )
Arr1 = FLEXIBLEGAMMA.GAMMA_CONFIG(1,3, 12,4.92961876832845,4.85298142717498,4.7184750733137  )
Arr1 = FLEXIBLEGAMMA.GAMMA_CONFIG(1,4, 14,4.88660801564027,4.82170087976540,4.68015640273705 )  
Arr1 = FLEXIBLEGAMMA.GAMMA_CONFIG(1,5, 16,4.84985337243402,4.79276637341153,4.6457478005865  )  
Arr1 = FLEXIBLEGAMMA.GAMMA_CONFIG(1,6, 18,4.81857282502444,4.76461388074291,4.613685239491   )   
Arr1 = FLEXIBLEGAMMA.GAMMA_CONFIG(1,7, 20,4.79042033235582,4.73880742913001,4.58240469208211 )      
Arr1 = FLEXIBLEGAMMA.GAMMA_CONFIG(1,8, 24,4.73724340175953,4.69110459433040,4.52688172043011 )     
Arr1 = FLEXIBLEGAMMA.GAMMA_CONFIG(1,9, 28,4.68954056695992,4.64574780058651,4.47448680351906 )     
Arr1 = FLEXIBLEGAMMA.GAMMA_CONFIG(1,10, 32,4.64496578690127,4.60351906158358,4.42443792766373)     
Arr1 = FLEXIBLEGAMMA.GAMMA_CONFIG(1,11,36,4.60351906158358,4.56441837732160,4.37751710654936 )     
Arr1 = FLEXIBLEGAMMA.GAMMA_CONFIG(1,12,40,4.56832844574780,4.53000977517106,4.33528836754643 )     
Arr1 = FLEXIBLEGAMMA.GAMMA_CONFIG(1,13,44,4.53470185728250,4.49638318670577,4.29540566959922 )     
Arr1 = FLEXIBLEGAMMA.GAMMA_CONFIG(1,14,48,4.50107526881720,4.46275659824047,4.25708699902248 )     
Arr1 = FLEXIBLEGAMMA.GAMMA_CONFIG(1,15,56,4.43773216031281,4.39941348973607,4.18123167155425 )     
Arr1 = FLEXIBLEGAMMA.GAMMA_CONFIG(1,16,60,4.40801564027370,4.36891495601173,4.14525904203323 )     
Arr1 = FLEXIBLEGAMMA.GAMMA_CONFIG(1,17,64,4.37751710654936,4.33685239491691,4.10694037145650 )     
Arr1 = FLEXIBLEGAMMA.GAMMA_CONFIG(1,18,128,4.01544477028348,3.97008797653959,3.67448680351906)     
Arr1 = FLEXIBLEGAMMA.GAMMA_CONFIG(1,19,160,3.86373411534702,3.81681329423265,3.48993157380254)     
Arr1 = FLEXIBLEGAMMA.GAMMA_CONFIG(1,20,192,3.71202346041056,3.66432062561095,3.30615835777126)     
Arr1 = FLEXIBLEGAMMA.GAMMA_CONFIG(1,21,224,3.56578690127077,3.51652003910068,3.12864125122190)     
Arr1 = FLEXIBLEGAMMA.GAMMA_CONFIG(1,22,255,3.43440860215054,3.38435972629521,2.97067448680352)     