
Parameters:   # 1
Column :      RR6/LR6,     RR7/LR7,     RR8/LR8,     RR9/LR9,   RR10/LR10,   RR11/LR11,   RR12/LR12,   RR13/LR13,   RR14/LR14,   RR15/LR15,   RR16/LR16,   RR17/LR17,   RR18/LR18,   RR19/LR19,   RR20/LR20,   RR21/LR21,   RR22/LR22,   RR23/LR23,   RR24/LR24,   RR25/LR25,   RR26/LR26,   RR27/LR27,   RR28/LR28,   RR29/LR29,   RR30/LR30,   RR31/LR31,
   LT2 :        1.750,       1.611,       1.659,       1.593,       1.700,       1.565,       1.713,       1.652,       1.438,       1.502,       1.620,       1.445,       1.488,       1.477,       1.454,       1.470,       1.415,       1.360,       1.440,       1.317,       1.329,       1.433,       1.338,       1.251,       1.415,       1.527,
   LT3 :        1.654,       1.561,       1.597,       1.568,       1.679,       1.531,       1.695,       1.638,       1.477,       1.492,       1.611,       1.438,       1.481,       1.477,       1.440,       1.456,       1.397,       1.349,       1.433,       1.301,       1.313,       1.415,       1.324,       1.231,       1.404,       1.515,
   LT4 :        1.659,       1.565,       1.636,       1.579,       1.704,       1.574,       1.731,       1.681,       1.506,       1.531,       1.656,       1.488,       1.538,       1.385,       1.492,       1.504,       1.440,       1.401,       1.477,       1.331,       1.347,       1.447,       1.301,       1.265,       1.431,       1.540,
   LT5 :        1.684,       1.586,       1.638,       1.602,       1.718,       1.590,       1.743,       1.695,       1.547,       1.565,       1.709,       1.549,       1.586,       1.593,       1.556,       1.556,       1.522,       1.449,       1.531,       1.329,       1.392,       1.483,       1.397,       1.299,       1.465,       1.581,
   LT6 :        1.713,       1.611,       1.645,       1.622,       1.747,       1.429,       1.775,       1.720,       1.584,       1.584,       1.745,       1.595,       1.640,       1.590,       1.604,       1.602,       1.558,       1.492,       1.568,       1.392,       1.422,       1.524,       1.401,       1.326,       1.488,       1.597,
   LT7 :        1.731,       1.631,       1.677,       1.638,       1.747,       1.645,       1.772,       1.725,       1.536,       1.586,       1.747,       1.593,       1.634,       1.638,       1.602,       1.604,       1.561,       1.506,       1.584,       1.397,       1.447,       1.543,       1.433,       1.344,       1.508,       1.629,
   LT8 :        1.750,       1.640,       1.691,       1.645,       1.752,       1.495,       1.777,       1.720,       1.572,       1.584,       1.741,       1.586,       1.629,       1.659,       1.593,       1.604,       1.565,       1.495,       1.574,       1.408,       1.449,       1.558,       1.458,       1.365,       1.531,       1.661,
   LT9 :        1.793,       1.665,       1.700,       1.668,       1.761,       1.638,       1.786,       1.722,       1.568,       1.595,       1.750,       1.595,       1.629,       1.622,       1.597,       1.611,       1.249,       1.506,       1.574,       1.401,       1.454,       1.558,       1.451,       1.370,       1.529,       1.620,
   RT2 :        1.745,       1.784,       1.747,       1.668,       1.722,       1.768,       1.659,       1.702,       1.677,       1.725,       1.747,       1.688,       1.672,       1.804,       1.713,       1.659,       1.681,       1.602,       1.554,       1.568,       1.599,       1.615,       1.618,       1.531,       1.668,       1.811,
   RT3 :        1.713,       1.763,       1.745,       1.652,       1.718,       1.772,       1.647,       1.695,       1.684,       1.711,       1.743,       1.675,       1.675,       1.816,       1.713,       1.668,       1.711,       1.602,       1.543,       1.595,       1.586,       1.604,       1.634,       1.527,       1.665,       1.816,
   RT4 :        1.702,       1.750,       1.731,       1.640,       1.713,       1.766,       1.640,       1.695,       1.677,       1.706,       1.747,       1.677,       1.677,       1.823,       1.720,       1.677,       1.729,       1.604,       1.547,       1.615,       1.590,       1.604,       1.618,       1.511,       1.638,       1.791,
   RT5 :        1.684,       1.741,       1.727,       1.638,       1.700,       1.763,       1.638,       1.693,       1.672,       1.702,       1.743,       1.672,       1.672,       1.816,       1.704,       1.647,       1.702,       1.577,       1.517,       1.577,       1.556,       1.568,       1.577,       1.477,       1.609,       1.763,
   RT6 :        1.677,       1.738,       1.725,       1.634,       1.704,       1.761,       1.634,       1.684,       1.665,       1.691,       1.729,       1.654,       1.650,       1.786,       1.670,       1.613,       1.670,       1.547,       1.486,       1.536,       1.522,       1.538,       1.545,       1.456,       1.593,       1.738,
   RT7 :        1.688,       1.750,       1.731,       1.640,       1.702,       1.757,       1.622,       1.677,       1.659,       1.688,       1.700,       1.631,       1.622,       1.766,       1.656,       1.584,       1.640,       1.513,       1.458,       1.499,       1.497,       1.511,       1.520,       1.438,       1.574,       1.720,
   RT8 :        1.775,       1.838,       1.811,       1.713,       1.775,       1.823,       1.695,       1.741,       1.711,       1.738,       1.738,       1.665,       1.643,       1.800,       1.688,       1.611,       1.670,       1.547,       1.486,       1.513,       1.524,       1.543,       1.547,       1.470,       1.604,       1.784,


Parameters:  # 2
Column :      RR6/LR6,     RR7/LR7,     RR8/LR8,     RR9/LR9,   RR10/LR10,   RR11/LR11,   RR12/LR12,   RR13/LR13,   RR14/LR14,   RR15/LR15,   RR16/LR16,   RR17/LR17,   RR18/LR18,   RR19/LR19,   RR20/LR20,   RR21/LR21,   RR22/LR22,   RR23/LR23,   RR24/LR24,   RR25/LR25,   RR26/LR26,   RR27/LR27,   RR28/LR28,   RR29/LR29,   RR30/LR30,   RR31/LR31,
   LT2 :        1.647,       1.597,       1.602,       1.483,       1.593,       1.492,       1.495,       1.474,       1.554,       1.413,       1.447,       1.420,       1.433,       1.370,       1.404,       1.319,       1.303,       1.235,       1.240,       1.285,       1.265,       1.310,       1.222,       1.294,       1.283,       1.308,
   LT3 :        1.574,       1.565,       1.574,       1.470,       1.579,       1.481,       1.492,       1.474,       1.547,       1.410,       1.447,       1.413,       1.433,       1.367,       1.401,       1.313,       1.301,       1.231,       1.240,       1.276,       1.258,       1.294,       1.203,       1.276,       1.281,       1.294,
   LT4 :        1.586,       1.572,       1.588,       1.488,       1.604,       1.524,       1.538,       1.520,       1.593,       1.456,       1.495,       1.458,       1.477,       1.422,       1.447,       1.360,       1.356,       1.276,       1.283,       1.313,       1.301,       1.329,       1.235,       1.308,       1.308,       1.324,
   LT5 :        1.606,       1.597,       1.615,       1.513,       1.622,       1.547,       1.556,       1.547,       1.622,       1.495,       1.556,       1.524,       1.538,       1.502,       1.520,       1.420,       1.420,       1.331,       1.335,       1.360,       1.349,       1.374,       1.274,       1.340,       1.347,       1.349,
   LT6 :        1.636,       1.618,       1.634,       1.538,       1.647,       1.568,       1.584,       1.568,       1.640,       1.513,       1.595,       1.561,       1.579,       1.556,       1.565,       1.458,       1.458,       1.376,       1.367,       1.385,       1.379,       1.404,       1.294,       1.365,       1.365,       1.367,
   LT7 :        1.652,       1.634,       1.647,       1.549,       1.652,       1.574,       1.579,       1.568,       1.647,       1.513,       1.593,       1.563,       1.579,       1.547,       1.561,       1.470,       1.458,       1.385,       1.385,       1.404,       1.401,       1.422,       1.315,       1.383,       1.390,       1.392,
   LT8 :        1.665,       1.640,       1.656,       1.549,       1.652,       1.574,       1.577,       1.565,       1.638,       1.506,       1.579,       1.561,       1.568,       1.549,       1.549,       1.465,       1.449,       1.379,       1.376,       1.401,       1.397,       1.433,       1.329,       1.404,       1.410,       1.415,
   LT9 :        1.695,       1.654,       1.654,       1.570,       1.656,       1.561,       1.572,       1.558,       1.620,       1.511,       1.579,       1.565,       1.572,       1.499,       1.543,       1.458,       1.420,       1.370,       1.374,       1.376,       1.395,       1.424,       1.313,       1.404,       1.392,       1.392,
   RT2 :        1.731,       1.731,       1.786,       1.638,       1.670,       1.775,       1.675,       1.766,       1.747,       1.757,       1.684,       1.604,       1.656,       1.693,       1.711,       1.688,       1.531,       1.574,       1.731,       1.647,       1.652,       1.502,       1.547,       1.520,       1.565,       1.675,
   RT3 :        1.695,       1.713,       1.786,       1.622,       1.670,       1.777,       1.656,       1.870,       1.659,       1.743,       1.677,       1.595,       1.656,       1.711,       1.713,       1.695,       1.561,       1.574,       1.725,       1.670,       1.638,       1.492,       1.556,       1.511,       1.561,       1.677,
   RT4 :        1.681,       1.695,       1.775,       1.609,       1.438,       1.996,       1.656,       1.761,       1.761,       1.738,       1.677,       1.599,       1.665,       1.720,       1.725,       1.700,       1.574,       1.579,       1.729,       1.677,       1.640,       1.486,       1.547,       1.495,       1.629,       1.558,
   RT5 :        1.670,       1.688,       1.766,       1.604,       1.652,       1.761,       1.647,       1.757,       1.757,       1.738,       1.675,       1.593,       1.656,       1.709,       1.706,       1.670,       1.547,       1.549,       1.695,       1.647,       1.604,       1.456,       1.504,       1.463,       1.506,       1.629,
   RT6 :        1.668,       1.684,       1.761,       1.597,       1.429,       1.984,       1.640,       1.747,       1.750,       1.725,       1.659,       1.574,       1.631,       1.677,       1.668,       1.638,       1.513,       1.517,       1.668,       1.611,       1.574,       1.429,       1.474,       1.438,       1.492,       1.604,
   RT7 :        1.679,       1.700,       1.768,       1.602,       1.652,       1.750,       1.629,       1.738,       1.738,       1.720,       1.629,       1.547,       1.615,       1.640,       1.647,       1.604,       1.488,       1.483,       1.638,       1.581,       1.549,       1.401,       1.447,       1.420,       1.474,       1.586,
   RT8 :        1.757,       1.775,       1.841,       1.665,       1.713,       1.811,       1.688,       1.786,       1.777,       1.750,       1.656,       1.568,       1.620,       1.675,       1.665,       1.640,       1.495,       1.504,       1.659,       1.595,       1.574,       1.426,       1.477,       1.447,       1.506,       1.652,



Parameters:  # 3
Column :      RR6/LR6,     RR7/LR7,     RR8/LR8,     RR9/LR9,   RR10/LR10,   RR11/LR11,   RR12/LR12,   RR13/LR13,   RR14/LR14,   RR15/LR15,   RR16/LR16,   RR17/LR17,   RR18/LR18,   RR19/LR19,   RR20/LR20,   RR21/LR21,   RR22/LR22,   RR23/LR23,   RR24/LR24,   RR25/LR25,   RR26/LR26,   RR27/LR27,   RR28/LR28,   RR29/LR29,   RR30/LR30,   RR31/LR31,
   LT2 :        1.775,       1.688,       1.695,       1.640,       1.779,       1.711,       1.579,       1.677,       1.640,       1.629,       1.508,       1.433,       1.440,       1.422,       1.456,       1.474,       1.506,       1.438,       1.404,       1.495,       1.479,       1.360,       1.374,       1.440,       1.422,       1.483,
   LT3 :        1.695,       1.647,       1.656,       1.620,       1.761,       1.700,       1.568,       1.670,       1.640,       1.629,       1.508,       1.433,       1.445,       1.415,       1.449,       1.470,       1.483,       1.433,       1.397,       1.130,       1.470,       1.347,       1.340,       1.422,       1.413,       1.465,
   LT4 :        1.693,       1.640,       1.675,       1.622,       1.779,       1.736,       1.602,       1.711,       1.668,       1.675,       1.554,       1.483,       1.495,       1.470,       1.492,       1.511,       1.538,       1.470,       1.429,       1.511,       1.495,       1.374,       1.365,       1.445,       1.436,       1.486,
   LT5 :        1.713,       1.656,       1.691,       1.640,       1.791,       1.731,       1.620,       1.729,       1.711,       1.706,       1.615,       1.552,       1.556,       1.538,       1.565,       1.568,       1.593,       1.520,       1.474,       1.558,       1.543,       1.408,       1.410,       1.474,       1.470,       1.522,
   LT6 :        1.741,       1.675,       1.702,       1.659,       1.809,       1.768,       1.640,       1.757,       1.743,       1.727,       1.652,       1.595,       1.604,       1.615,       1.606,       1.615,       1.638,       1.561,       1.506,       1.584,       1.568,       1.440,       1.440,       1.495,       1.488,       1.543,
   LT7 :        1.757,       1.688,       1.713,       1.672,       1.816,       1.772,       1.640,       1.750,       1.743,       1.727,       1.652,       1.590,       1.597,       1.611,       1.604,       1.620,       1.638,       1.574,       1.524,       1.586,       1.588,       1.465,       1.458,       1.520,       1.513,       1.568,
   LT8 :        1.768,       1.693,       1.718,       1.677,       1.813,       1.768,       1.638,       1.745,       1.729,       1.716,       1.636,       1.584,       1.586,       1.602,       1.593,       1.615,       1.627,       1.568,       1.520,       1.586,       1.593,       1.470,       1.470,       1.540,       1.538,       1.593,
   LT9 :        1.804,       1.716,       1.711,       1.709,       1.832,       1.761,       1.650,       1.752,       1.713,       1.729,       1.647,       1.595,       1.586,       1.563,       1.602,       1.615,       1.604,       1.574,       1.533,       1.584,       1.597,       1.474,       1.461,       1.547,       1.531,       1.565,
   RT2 :        1.731,       1.804,       1.823,       1.763,       1.848,       1.725,       1.716,       1.902,       1.891,       1.711,       1.747,       1.843,       1.729,       1.763,       1.834,       1.868,       1.977,       1.670,       1.604,       1.838,       1.517,       1.791,       1.802,       1.675,       1.665,       1.743,
   RT3 :        1.702,       1.786,       1.823,       1.747,       1.838,       1.734,       1.704,       1.902,       1.902,       1.706,       1.743,       1.834,       1.725,       1.779,       1.838,       1.875,       2.007,       1.675,       1.595,       1.866,       1.504,       1.784,       1.811,       1.665,       1.665,       1.750,
   RT4 :        1.686,       1.768,       1.813,       1.736,       1.827,       1.729,       1.697,       1.893,       1.895,       1.706,       1.745,       1.834,       1.725,       1.784,       1.841,       1.877,       2.021,       1.675,       1.602,       1.877,       1.502,       1.779,       1.786,       1.647,       1.631,       1.722,
   RT5 :        1.677,       1.766,       1.804,       1.731,       1.813,       1.725,       1.693,       1.891,       1.889,       1.700,       1.738,       1.823,       1.713,       1.775,       1.823,       1.850,       1.993,       1.647,       1.568,       1.841,       1.474,       1.745,       1.763,       1.622,       1.609,       1.702,
   RT6 :        1.679,       1.766,       1.811,       1.729,       1.823,       1.720,       1.688,       1.879,       1.877,       1.684,       1.722,       1.807,       1.695,       1.738,       1.786,       1.820,       1.966,       1.618,       1.538,       1.804,       1.440,       1.716,       1.738,       1.604,       1.597,       1.675,
   RT7 :        1.702,       1.786,       1.823,       1.743,       1.823,       1.713,       1.677,       1.877,       1.873,       1.677,       1.693,       1.784,       1.670,       1.720,       1.766,       1.791,       1.943,       1.586,       1.513,       1.768,       1.422,       1.695,       1.725,       1.590,       1.586,       1.659,
   RT8 :        1.782,       1.870,       1.893,       1.804,       1.889,       1.777,       1.743,       1.930,       1.914,       1.711,       1.720,       1.816,       1.693,       1.745,       1.793,       1.816,       1.966,       1.615,       1.543,       1.786,       1.449,       1.729,       1.757,       1.622,       1.615,       1.713,




Parameters: # 4
Column :      RR6/LR6,     RR7/LR7,     RR8/LR8,     RR9/LR9,   RR10/LR10,   RR11/LR11,   RR12/LR12,   RR13/LR13,   RR14/LR14,   RR15/LR15,   RR16/LR16,   RR17/LR17,   RR18/LR18,   RR19/LR19,   RR20/LR20,   RR21/LR21,   RR22/LR22,   RR23/LR23,   RR24/LR24,   RR25/LR25,   RR26/LR26,   RR27/LR27,   RR28/LR28,   RR29/LR29,   RR30/LR30,   RR31/LR31,
   LT2 :        1.577,       1.549,       1.645,       1.367,       1.481,       1.568,       1.572,       1.577,       1.659,       1.517,       1.506,       1.376,       1.568,       1.604,       1.531,       1.599,       1.577,       1.513,       1.367,       1.549,       1.495,       1.372,       1.449,       1.381,       1.522,       1.531,
   LT3 :        1.490,       1.495,       1.599,       1.326,       1.431,       1.531,       1.531,       1.554,       1.636,       1.495,       1.486,       1.349,       1.549,       1.577,       1.504,       1.572,       1.558,       1.481,       1.344,       1.522,       1.467,       1.349,       1.422,       1.349,       1.508,       1.513,
   LT4 :        1.508,       1.508,       1.618,       1.344,       1.472,       1.568,       1.568,       1.599,       1.672,       1.536,       1.517,       1.395,       1.577,       1.631,       1.545,       1.618,       1.604,       1.522,       1.381,       1.549,       1.495,       1.376,       1.449,       1.376,       1.531,       1.531,
   LT5 :        1.549,       1.545,       1.654,       1.381,       1.495,       1.599,       1.590,       1.627,       1.709,       1.577,       1.568,       1.454,       1.636,       1.700,       1.604,       1.672,       1.659,       1.563,       1.422,       1.577,       1.540,       1.417,       1.486,       1.408,       1.572,       1.568,
   LT6 :        1.597,       1.577,       1.691,       1.413,       1.536,       1.631,       1.627,       1.663,       1.741,       1.609,       1.613,       1.495,       1.681,       1.750,       1.640,       1.709,       1.700,       1.604,       1.458,       1.618,       1.577,       1.458,       1.513,       1.431,       1.599,       1.590,
   LT7 :        1.627,       1.618,       1.713,       1.431,       1.563,       1.659,       1.659,       1.691,       1.768,       1.636,       1.636,       1.517,       1.704,       1.768,       1.663,       1.722,       1.718,       1.631,       1.490,       1.645,       1.604,       1.490,       1.545,       1.472,       1.631,       1.618,
   LT8 :        1.659,       1.640,       1.741,       1.467,       1.577,       1.677,       1.691,       1.704,       1.786,       1.650,       1.650,       1.536,       1.718,       1.798,       1.677,       1.750,       1.722,       1.654,       1.504,       1.668,       1.627,       1.513,       1.568,       1.499,       1.659,       1.654,
   LT9 :        1.754,       1.722,       1.795,       1.556,       1.668,       1.743,       1.777,       1.772,       1.843,       1.734,       1.738,       1.622,       1.802,       1.827,       1.761,       1.827,       1.786,       1.736,       1.584,       1.729,       1.711,       1.579,       1.634,       1.581,       1.720,       1.709,
   RT2 :        1.836,       1.836,       1.864,       1.772,       1.791,       1.786,       1.836,       1.980,       1.841,       1.864,       1.798,       1.932,       1.918,       1.927,       1.827,       1.868,       1.786,       1.768,       1.750,       1.772,       1.713,       1.786,       1.813,       1.777,       1.786,       1.800,
   RT3 :        1.791,       1.813,       1.854,       1.745,       1.768,       1.782,       1.804,       1.964,       1.836,       1.841,       1.549,       1.909,       1.909,       1.932,       1.845,       1.854,       1.800,       1.750,       1.722,       1.782,       1.691,       1.750,       1.816,       1.759,       1.777,       1.798,
   RT4 :        1.763,       1.786,       1.834,       1.722,       1.759,       1.768,       1.800,       1.836,       1.823,       1.823,       1.768,       1.895,       1.905,       1.927,       1.791,       1.845,       1.804,       1.745,       1.718,       1.791,       1.672,       1.750,       1.782,       1.745,       1.722,       1.772,
   RT5 :        1.750,       1.768,       1.823,       1.709,       1.722,       1.759,       1.782,       1.936,       1.804,       1.809,       1.759,       1.868,       1.891,       1.914,       1.818,       1.627,       1.782,       1.722,       1.677,       1.745,       1.654,       1.722,       1.722,       1.709,       1.722,       1.750,
   RT6 :        1.722,       1.768,       1.813,       1.700,       1.722,       1.745,       1.768,       1.927,       1.800,       1.800,       1.745,       1.859,       1.868,       1.868,       1.786,       1.786,       1.743,       1.691,       1.645,       1.722,       1.599,       1.691,       1.722,       1.681,       1.659,       1.722,
   RT7 :        1.745,       1.768,       1.818,       1.700,       1.618,       1.741,       1.754,       1.914,       1.786,       1.786,       1.713,       1.850,       1.850,       1.864,       1.750,       1.768,       1.722,       1.672,       1.640,       1.691,       1.604,       1.631,       1.713,       1.672,       1.704,       1.713,
   RT8 :        1.809,       1.852,       1.891,       1.768,       1.786,       1.804,       1.823,       1.973,       1.836,       1.836,       1.750,       1.891,       1.859,       1.891,       1.786,       1.804,       1.750,       1.709,       1.645,       1.722,       1.631,       1.691,       1.750,       1.713,       1.722,       1.795,


Parameters:  # 5
Column :      RR6/LR6,     RR7/LR7,     RR8/LR8,     RR9/LR9,   RR10/LR10,   RR11/LR11,   RR12/LR12,   RR13/LR13,   RR14/LR14,   RR15/LR15,   RR16/LR16,   RR17/LR17,   RR18/LR18,   RR19/LR19,   RR20/LR20,   RR21/LR21,   RR22/LR22,   RR23/LR23,   RR24/LR24,   RR25/LR25,   RR26/LR26,   RR27/LR27,   RR28/LR28,   RR29/LR29,   RR30/LR30,   RR31/LR31,
   LT2 :        1.665,       1.558,       1.675,       1.513,       1.675,       1.615,       1.584,       1.595,       1.301,       1.561,       1.677,       1.520,       1.511,       1.456,       1.447,       1.383,       1.397,       1.363,       1.499,       1.429,       1.285,       1.374,       1.367,       1.367,       1.331,       1.408,
   LT3 :        1.574,       1.506,       1.650,       1.488,       1.654,       1.618,       1.568,       1.584,       1.615,       1.556,       1.675,       1.513,       1.513,       1.456,       1.433,       1.374,       1.385,       1.351,       1.488,       1.392,       1.274,       1.360,       1.347,       1.347,       1.324,       1.392,
   LT4 :        1.572,       1.506,       1.656,       1.502,       1.675,       1.654,       1.611,       1.622,       1.668,       1.602,       1.718,       1.558,       1.565,       1.522,       1.477,       1.420,       1.440,       1.392,       1.529,       1.454,       1.306,       1.392,       1.383,       1.374,       1.344,       1.420,
   LT5 :        1.590,       1.527,       1.677,       1.522,       1.688,       1.681,       1.629,       1.647,       1.688,       1.638,       1.775,       1.620,       1.620,       1.586,       1.545,       1.477,       1.502,       1.440,       1.574,       1.499,       1.354,       1.433,       1.420,       1.404,       1.376,       1.451,
   LT6 :        1.622,       1.556,       1.697,       1.545,       1.713,       1.706,       1.659,       1.675,       1.725,       1.661,       1.816,       1.665,       1.672,       1.656,       1.590,       1.522,       1.543,       1.483,       1.611,       1.531,       1.383,       1.472,       1.449,       1.429,       1.401,       1.477,
   LT7 :        1.640,       1.572,       1.711,       1.561,       1.725,       1.711,       1.659,       1.677,       1.727,       1.659,       1.818,       1.665,       1.665,       1.656,       1.590,       1.529,       1.554,       1.495,       1.629,       1.558,       1.404,       1.492,       1.477,       1.454,       1.424,       1.506,
   LT8 :        1.659,       1.584,       1.718,       1.563,       1.727,       1.711,       1.661,       1.675,       1.720,       1.652,       1.807,       1.661,       1.656,       1.652,       1.581,       1.527,       1.549,       1.495,       1.622,       1.556,       1.410,       1.504,       1.492,       1.474,       1.447,       1.531,
   LT9 :        1.700,       1.604,       1.716,       1.584,       1.736,       1.702,       1.668,       1.679,       1.709,       1.654,       1.818,       1.670,       1.656,       1.609,       1.586,       1.529,       1.533,       1.499,       1.629,       1.543,       1.413,       1.495,       1.470,       1.479,       1.440,       1.515,
   RT2 :        1.688,       1.611,       1.725,       1.584,       1.688,       1.779,       1.695,       1.775,       1.695,       1.659,       1.677,       1.713,       1.713,       1.711,       1.688,       1.640,       1.631,       1.702,       1.629,       1.579,       1.602,       1.511,       1.684,       1.447,       1.618,       1.675,
   RT3 :        1.652,       1.590,       1.729,       1.568,       1.677,       1.786,       1.688,       1.775,       1.697,       1.652,       1.670,       1.706,       1.711,       1.729,       1.688,       1.647,       1.656,       1.702,       1.620,       1.599,       1.590,       1.508,       1.695,       1.440,       1.611,       1.677,
   RT4 :        1.640,       1.579,       1.720,       1.561,       1.675,       1.786,       1.688,       1.768,       1.693,       1.654,       1.670,       1.713,       1.720,       1.741,       1.695,       1.656,       1.670,       1.706,       1.629,       1.615,       1.586,       1.506,       1.677,       1.422,       1.586,       1.652,
   RT5 :        1.629,       1.568,       1.713,       1.561,       1.665,       1.784,       1.688,       1.766,       1.693,       1.647,       1.665,       1.704,       1.711,       1.729,       1.681,       1.622,       1.640,       1.677,       1.599,       1.579,       1.556,       1.465,       1.640,       1.392,       1.556,       1.629,
   RT6 :        1.629,       1.568,       1.713,       1.561,       1.672,       1.782,       1.684,       1.761,       1.684,       1.636,       1.652,       1.684,       1.688,       1.693,       1.640,       1.586,       1.615,       1.643,       1.565,       1.543,       1.527,       1.433,       1.611,       1.367,       1.543,       1.602,
   RT7 :        1.645,       1.586,       1.729,       1.568,       1.670,       1.779,       1.670,       1.750,       1.675,       1.629,       1.622,       1.659,       1.656,       1.665,       1.620,       1.561,       1.586,       1.611,       1.533,       1.511,       1.511,       1.410,       1.593,       1.349,       1.522,       1.584,
   RT8 :        1.736,       1.675,       1.804,       1.640,       1.743,       1.848,       1.731,       1.804,       1.720,       1.665,       1.652,       1.688,       1.677,       1.693,       1.640,       1.586,       1.613,       1.638,       1.556,       1.529,       1.538,       1.438,       1.620,       1.379,       1.556,       1.643,


Parameters:  # 6
Column :      RR6/LR6,     RR7/LR7,     RR8/LR8,     RR9/LR9,   RR10/LR10,   RR11/LR11,   RR12/LR12,   RR13/LR13,   RR14/LR14,   RR15/LR15,   RR16/LR16,   RR17/LR17,   RR18/LR18,   RR19/LR19,   RR20/LR20,   RR21/LR21,   RR22/LR22,   RR23/LR23,   RR24/LR24,   RR25/LR25,   RR26/LR26,   RR27/LR27,   RR28/LR28,   RR29/LR29,   RR30/LR30,   RR31/LR31,
   LT2 :        0.748,       0.748,       0.591,       0.691,       0.684,       0.671,       0.687,       0.648,       0.609,       0.545,       0.500,       0.457,       0.486,       0.493,       0.340,       0.363,       0.329,       0.304,       0.263,       0.436,       0.238,       0.181,       0.256,       0.281,       0.329,       0.400,
   LT3 :        0.657,       0.705,       0.564,       0.668,       0.668,       0.657,       0.675,       0.650,       0.618,       0.559,       0.511,       0.473,       0.493,       0.511,       0.347,       0.366,       0.329,       0.309,       0.272,       0.438,       0.254,       0.183,       0.254,       0.274,       0.340,       0.400,
   LT4 :        0.602,       0.639,       0.504,       0.620,       0.627,       0.630,       0.655,       0.630,       0.600,       0.536,       0.500,       0.457,       0.486,       0.504,       0.329,       0.356,       0.329,       0.293,       0.256,       0.418,       0.236,       0.165,       0.236,       0.256,       0.311,       0.377,
   LT5 :        0.566,       0.602,       0.468,       0.584,       0.582,       0.600,       0.611,       0.600,       0.577,       0.523,       0.509,       0.473,       0.486,       0.527,       0.356,       0.363,       0.340,       0.293,       0.256,       0.413,       0.236,       0.163,       0.227,       0.245,       0.309,       0.363,
   LT6 :        0.545,       0.575,       0.438,       0.559,       0.564,       0.573,       0.595,       0.582,       0.559,       0.502,       0.500,       0.463,       0.482,       0.536,       0.354,       0.359,       0.329,       0.293,       0.254,       0.402,       0.231,       0.165,       0.218,       0.238,       0.290,       0.347,
   LT7 :        0.504,       0.539,       0.402,       0.523,       0.523,       0.536,       0.564,       0.548,       0.529,       0.475,       0.473,       0.436,       0.457,       0.511,       0.327,       0.340,       0.309,       0.274,       0.238,       0.393,       0.220,       0.163,       0.213,       0.231,       0.290,       0.347,
   LT8 :        0.432,       0.457,       0.322,       0.438,       0.450,       0.457,       0.486,       0.473,       0.452,       0.400,       0.381,       0.359,       0.381,       0.436,       0.238,       0.272,       0.236,       0.208,       0.163,       0.320,       0.147,       0.092,       0.145,       0.165,       0.220,       0.290,
   LT9 :       -3.447,      -3.447,      -3.447,      -3.447,      -3.447,      -3.447,      -3.447,      -3.447,      -3.447,      -3.447,      -3.447,      -3.447,      -3.447,      -3.447,      -3.447,      -3.447,      -3.447,      -3.447,      -3.447,      -3.447,      -3.447,      -3.447,      -3.447,      -3.447,      -3.447,      -3.447,
   RT2 :        3.061,       3.134,       3.261,       3.043,       3.061,       3.261,       3.097,       3.145,       3.261,       3.025,       3.145,       3.152,       3.052,       3.107,       3.116,       3.079,       3.116,       3.059,       2.961,       3.207,       3.116,       3.086,       2.943,       2.970,       3.041,       3.168,
   RT3 :        2.713,       2.806,       2.970,       2.751,       2.788,       3.006,       2.842,       2.913,       3.043,       2.806,       2.931,       2.940,       2.858,       2.934,       2.945,       2.913,       2.986,       2.895,       2.799,       3.088,       2.963,       2.940,       2.822,       2.836,       2.913,       3.061,
   RT4 :        2.642,       2.733,       2.909,       2.690,       2.722,       2.943,       2.799,       2.861,       2.995,       2.765,       2.890,       2.904,       2.822,       2.904,       2.913,       2.890,       2.961,       2.872,       2.781,       3.077,       2.934,       2.913,       2.786,       2.797,       2.861,       3.018,
   RT5 :        2.574,       2.672,       2.849,       2.638,       2.658,       2.895,       2.749,       2.822,       2.945,       2.722,       2.842,       2.861,       2.786,       2.861,       2.872,       2.833,       2.913,       2.822,       2.722,       3.016,       2.886,       2.856,       2.726,       2.745,       2.813,       2.968,
   RT6 :        2.533,       2.635,       2.817,       2.599,       2.635,       2.854,       2.713,       2.781,       2.904,       2.676,       2.804,       2.817,       2.733,       2.806,       2.806,       2.776,       2.858,       2.758,       2.660,       2.949,       2.822,       2.797,       2.667,       2.695,       2.767,       2.909,
   RT7 :        2.515,       2.622,       2.799,       2.576,       2.603,       2.822,       2.676,       2.740,       2.870,       2.640,       2.749,       2.770,       2.679,       2.758,       2.758,       2.715,       2.806,       2.697,       2.603,       2.886,       2.770,       2.740,       2.613,       2.640,       2.715,       2.858,
   RT8 :        2.640,       2.745,       2.915,       2.695,       2.722,       2.934,       2.788,       2.842,       2.981,       2.733,       2.842,       2.861,       2.763,       2.849,       2.840,       2.797,       2.886,       2.781,       2.679,       2.952,       2.842,       2.815,       2.695,       2.715,       2.788,       2.959,


END_UUT

